14
1.13309 0.263082 0.621921 -0.38918 -0.0577263 0.906725 0.151843
1.22172 -0.113053 0.298511 -0.265526 -0.0524526 0.923927 0.270378
1.13882 -0.541051 0.271514 -0.255628 -0.088951 0.877223 0.396512
0.122597 1.5567 -0.461834 -0.339181 0.19927 0.801184 -0.450947
0.115763 1.52333 -0.463334 -0.231255 0.140657 0.863905 -0.42474
-0.129677 1.53806 -0.613406 0.217338 -0.161312 -0.821211 0.50235
0.604297 1.45018 -0.0179431 -0.294325 0.0885766 0.901496 -0.304683
1.03127 1.03465 0.401804 -0.342113 0.0165254 0.934412 -0.0977721
1.36497 0.229769 0.472393 -0.293352 -0.0637325 0.938295 0.171713
-0.287315 1.55007 -0.408718 0.157901 -0.138122 -0.821281 0.530553
0.126906 1.52462 -0.222594 -0.176422 0.113796 0.889553 -0.405735
0.829216 1.09925 0.225248 -0.246808 0.0597796 0.958388 -0.130399
1.19154 0.227796 0.478738 -0.253136 -0.0201611 0.951265 0.174957
1.20014 -0.310099 0.374717 -0.205343 -0.0435222 0.917151 0.338784
