14
  1.69384  1.30368 -1.65091  3.13852  2.83781
  1.46667  1.53182 -1.65086  2.64622  2.83035
  1.18994  1.53186 -1.65081  2.64619  2.83033
  3.051  1.30369 -1.65092  3.13854  2.83792
  2.94997  1.53186 -1.65083  2.64617  2.8304
  3.20725  1.53186 -1.65081  2.64617  2.8304
  2.67165  0.343823 -0.941991  3.19389  2.90405
  2.19342  0.343813 -1.00697  3.34883  2.91407
  1.69975  0.343823 -0.941991  3.19392  2.90407
  3.18775  2.20935 -0.295624  0.485752  2.8304
  2.8982  2.20935 -0.295624  0.485752  2.8304
  2.30827  2.20935 -0.203135  0.485796  2.8304
  1.60699  2.20935 -0.203135  0.485752  2.8304
  1.33778  2.20935 -0.295624  0.485752  2.8304
