24
0.0929637 0.535445 -0.589383 -0.0101033 -0.583551 0.0605368 0.809754
-0.00803912 0.528893 -0.627639 -0.00954166 -0.505834 0.0638281 0.860214
-0.0921416 0.622543 -0.535207 0.0786623 -0.499219 0.135885 0.852132
-0.19711 0.619951 -0.535594 0.102514 -0.436344 0.158566 0.879745
0.124831 0.467286 -0.585844 -0.0498411 -0.521711 -0.00555993 0.851647
0.0864511 0.455067 -0.612838 -0.0622122 -0.477731 -0.0158609 0.876157
0.530396 0.842163 0.755085 0.41584 -0.409725 -0.546686 0.600281
0.673511 0.834108 0.623922 0.364706 -0.350261 -0.585629 0.633518
0.538791 0.973577 0.727631 0.418367 -0.283077 -0.529713 0.681352
0.574652 1.0225 0.629124 0.388848 -0.22383 -0.533538 0.716962
0.792463 0.667128 0.689504 0.346571 -0.393126 -0.625201 0.578329
0.884503 0.638637 0.587623 0.305867 -0.372017 -0.650203 0.58761
0.654014 -0.566112 0.896541 -0.583694 -0.0134623 0.811471 -0.0251997
0.815563 -0.56977 0.73439 -0.505705 -0.0149314 0.86229 -0.0222431
0.978212 -0.376184 0.729031 -0.494802 -0.102868 0.857741 -0.0941797
1.09892 -0.296178 0.56963 -0.430993 -0.123353 0.886319 -0.116049
0.703621 -0.750328 0.802042 -0.524085 0.0234858 0.850003 0.0477437
0.760755 -0.770915 0.722305 -0.480231 0.0389279 0.874347 0.0581363
0.319949 -0.772412 -0.130486 -0.420368 -0.405056 0.614274 0.53093
0.296058 -0.772812 -0.219416 -0.359559 -0.35554 0.648434 0.569071
0.49136 -0.61312 -0.227315 -0.294529 -0.4106 0.695194 0.511238
0.502458 -0.57285 -0.311436 -0.233581 -0.382515 0.730942 0.514632
0.201375 -0.867105 -0.166461 -0.401944 -0.336304 0.59428 0.610059
0.158763 -0.878789 -0.190988 -0.379859 -0.2963 0.60417 0.634738
