24
  2.17881533575  0.890933524302 -1.0069118614  3.34840679532  2.91429178793
  2.17881533575  0.891014077960 -1.0069589853  3.16283158984  2.91426966404
  2.61701716489  0.583500489368 -1.0070532331  3.40997758655  3.37345104098
  2.61701716489  0.583510558575 -1.0070532331  3.25895990026  3.37345104098
  1.81007089804  0.696174918194 -1.0059693836  3.37185812076  2.58984491283
  1.81007089804  0.696174918194 -1.0059693836  3.26608379346  2.58991128451
  2.17881533575  0.890933524302 -1.0069118614  3.34840679532  2.91429178793
  2.17881533575  0.891014077960 -1.0069589853  3.16283158984  2.91426966404
  2.61701716489  0.583500489368 -1.0070532331  3.40997758655  3.37345104098
  2.61701716489  0.583510558575 -1.0070532331  3.25895990026  3.37345104098
  1.81007089804  0.696174918194 -1.0059693836  3.37185812076  2.58984491283
  1.81007089804  0.696174918194 -1.0059693836  3.26608379346  2.58991128451
  2.17881533575  0.890933524302 -1.0069118614  3.34840679532  2.91429178793
  2.17881533575  0.891014077960 -1.0069589853  3.16283158984  2.91426966404
  2.61701716489  0.583500489368 -1.0070532331  3.40997758655  3.37345104098
  2.61701716489  0.583510558575 -1.0070532331  3.25895990026  3.37345104098
  1.81007089804  0.696174918194 -1.0059693836  3.37185812076  2.58984491283
  1.81007089804  0.696174918194 -1.0059693836  3.26608379346  2.58991128451
  2.17881533575  0.890933524302 -1.0069118614  3.34840679532  2.91429178793
  2.17881533575  0.891014077960 -1.0069589853  3.16283158984  2.91426966404
  2.61701716489  0.583500489368 -1.0070532331  3.40997758655  3.37345104098
  2.61701716489  0.583510558575 -1.0070532331  3.25895990026  3.37345104098
  1.81007089804  0.696174918194 -1.0059693836  3.37185812076  2.58984491283
  1.81007089804  0.696174918194 -1.0059693836  3.26608379346  2.58991128451
