44
-0.319958 -0.28883 -0.850243 0.155464 -0.354946 -0.334466 0.859056
-0.117856 -0.552613 -0.661927 0.0470002 -0.384369 -0.0627647 0.919844
-0.380244 -0.00856441 -0.900125 0.232822 -0.309816 -0.515019 0.764567
-0.0493151 -0.264345 -0.876735 0.222367 -0.486482 -0.307541 0.786961
-0.254273 -0.0142606 -0.77139 0.264132 -0.283353 -0.600101 0.699874
-0.174115 -0.271122 -0.70382 0.17034 -0.347806 -0.360907 0.848388
-0.237923 0.195885 -0.743958 0.322404 -0.214813 -0.739724 0.550199
-0.0153853 0.00735503 -0.772783 0.370735 -0.385503 -0.55056 0.640957
0.121655 -0.25568 -0.398295 -0.0175123 -0.387012 0.0798564 0.918443
0.222137 -0.168338 -0.295156 -0.125406 -0.366336 0.346742 0.854307
0.0352445 -0.255428 -0.486527 0.0674757 -0.381566 -0.122527 0.913697
0.220722 -0.244914 -0.305071 -0.0151698 -0.534656 0.071793 0.841878
0.435666 0.712624 -0.0394373 0.261443 -0.283967 -0.596203 0.703954
0.0984547 0.8996 -0.360228 0.174501 -0.345798 -0.36871 0.845001
0.611516 0.418137 0.130178 0.31838 -0.220952 -0.734737 0.556755
0.390529 0.711314 0.166513 0.368601 -0.387093 -0.547211 0.644091
0.989395 0.108317 0.502411 -0.387482 0.00347606 0.920695 -0.0465433
0.766176 0.852361 0.314892 -0.369268 0.11671 0.863109 -0.324133
0.940326 -0.464363 0.422208 -0.377754 -0.0859705 0.908303 0.157783
0.74439 0.0908826 0.839668 -0.534858 -0.00366965 0.843907 -0.0416537
0.948604 0.941364 0.495065 -0.387127 0.0093741 0.919989 -0.0605362
0.407508 1.5061 -0.0112626 -0.368688 0.118573 0.860624 -0.33066
1.15094 0.309673 0.675869 -0.380103 -0.0754459 0.910925 0.141582
0.699442 0.923647 0.84428 -0.534793 0.00414308 0.843215 -0.0544705
0.982494 1.56133 0.557258 -0.387529 0.00511131 0.920463 -0.0504299
0.129161 2.06392 -0.271067 -0.367244 0.123752 0.85719 -0.33918
1.36859 0.829816 0.927838 -0.378248 -0.0843985 0.908896 0.153994
0.706276 1.54137 0.931329 -0.534864 -0.00144794 0.843729 -0.0451587
0.944151 2.02443 0.536894 -0.387309 0.00660274 0.920347 -0.0539507
-0.0194256 2.41629 -0.393924 -0.369836 0.114608 0.864065 -0.32168
1.47099 1.27662 1.04354 -0.379503 -0.0783185 0.909837 0.14846
0.672391 2.00343 0.915509 -0.534949 0.000292456 0.843522 -0.0479592
1.85512 -0.78547 1.34727 -0.275215 -0.272698 0.681245 0.621127
1.81711 0.831324 1.38461 -0.343306 -0.179275 0.838815 0.382611
1.46966 -1.78935 0.892643 -0.205313 -0.328692 0.52814 0.755564
1.29594 -0.829097 1.8943 -0.373912 -0.382497 0.623621 0.570072
1.75137 -0.0654472 1.2709 -0.27909 -0.268868 0.696007 0.604477
1.47298 1.26947 1.05731 -0.344689 -0.177095 0.840633 0.378368
1.59225 -1.07369 1.05527 -0.213819 -0.323197 0.547737 0.741491
1.21512 -0.0906496 1.81066 -0.384023 -0.372261 0.638767 0.553105
1.9001 0.742653 1.45681 -0.359154 -0.144951 0.868536 0.309262
1.25026 2.10536 0.881331 -0.385479 -0.0371554 0.92122 0.0371337
1.96558 -0.458012 1.46878 -0.316507 -0.223641 0.779334 0.492388
1.28737 0.695977 2.05718 -0.492809 -0.207975 0.795655 0.284287
